0.100000	0.431573	0.007300	0.438873
0.200000	0.376973	0.028137	0.405110
0.300000	0.336746	0.061214	0.397961
0.400000	0.311293	0.105399	0.416692
0.500000	0.300868	0.159743	0.460610
0.600000	0.305574	0.223495	0.529069
0.700000	0.325365	0.296114	0.621479
0.800000	0.360043	0.377271	0.737314
0.900000	0.409262	0.466847	0.876110
1.000000	0.472532	0.564932	1.037464
1.100000	0.549222	0.671808	1.221030
1.200000	0.638565	0.787940	1.426505
1.300000	0.739672	0.913951	1.653624
1.400000	0.851534	1.050603	1.902136
1.500000	0.973034	1.198762	2.171796
1.600000	1.102961	1.359377	2.462337
1.700000	1.240018	1.533435	2.773453
1.800000	1.382839	1.721936	3.104775
1.900000	1.529999	1.925848	3.455848
2.000000	1.680031	2.146074	3.826105
2.100000	1.831436	2.383409	4.214845
2.200000	1.982706	2.638507	4.621213
2.300000	2.132331	2.911841	5.044172
2.400000	2.278818	3.203669	5.482487
2.500000	2.420708	3.514003	5.934711
2.600000	2.556583	3.842579	6.399161
2.700000	2.685089	4.188828	6.873917
2.800000	2.804944	4.551861	7.356805
2.900000	2.914952	4.930449	7.845401
3.000000	3.014016	5.323008	8.337025
3.100000	3.101149	5.727600	8.828749
3.200000	3.175479	6.141927	9.317407
3.300000	3.236268	6.563340	9.799607
3.400000	3.282907	6.988846	10.271753
3.500000	3.314931	7.415133	10.730064
3.600000	3.332022	7.838587	11.170609
3.700000	3.334009	8.255324	11.589333
3.800000	3.320871	8.661228	11.982099
3.900000	3.292740	9.051988	12.344728
4.000000	3.249897	9.423144	12.673041
4.100000	3.192769	9.770139	12.962908
4.200000	3.121926	10.088373	13.210299
4.300000	3.038074	10.373257	13.411331
4.400000	2.942050	10.620278	13.562328
4.500000	2.834811	10.825055	13.659866
4.600000	2.717428	10.983406	13.700834
4.700000	2.591072	11.091410	13.682482
4.800000	2.457002	11.145468	13.602470
4.900000	2.316556	11.142368	13.458924
5.000000	2.171136	11.079337	13.250472
5.100000	2.022190	10.954103	12.976294
5.200000	1.871207	10.764945	12.636152
5.300000	1.719690	10.510736	12.230427
5.400000	1.569153	10.190991	11.760144
5.500000	1.421096	9.805894	11.226990
5.600000	1.276996	9.356334	10.633330
5.700000	1.138291	8.843920	9.982211
5.800000	1.006365	8.270996	9.277361
5.900000	0.882532	7.640646	8.523179
6.000000	0.768030	6.956687	7.724716
6.100000	0.663998	6.223656	6.887655
6.200000	0.571477	5.446791	6.018268
6.300000	0.491387	4.631995	5.123383
6.400000	0.424529	3.785798	4.210327
6.500000	0.371569	2.915307	3.286876
6.600000	0.333036	2.028148	2.361183
6.700000	0.309313	1.132402	1.441715
6.800000	0.300637	0.236531	0.537169
6.900000	0.307096	-0.650701	-0.343605
7.000000	0.328624	-1.520316	-1.191692
7.100000	0.365007	-2.363210	-1.998203
7.200000	0.415882	-3.170248	-2.754366
7.300000	0.480741	-3.932366	-3.451625
7.400000	0.558938	-4.640668	-4.081730
7.500000	0.649692	-5.286528	-4.636836
7.600000	0.752098	-5.861693	-5.109595
7.700000	0.865135	-6.358383	-5.493248
7.800000	0.987675	-6.769388	-5.781713
7.900000	1.118495	-7.088164	-5.969669
8.000000	1.256291	-7.308920	-6.052629
8.100000	1.399689	-7.426707	-6.027018
8.200000	1.547258	-7.437488	-5.890230
8.300000	1.697525	-7.338211	-5.640686
8.400000	1.848992	-7.126870	-5.277878
8.500000	2.000148	-6.802550	-4.802401
8.600000	2.149486	-6.365470	-4.215984
8.700000	2.295515	-5.817013	-3.521498
8.800000	2.436779	-5.159734	-2.722955
8.900000	2.571869	-4.397373	-1.825504
9.000000	2.699437	-3.534838	-0.835401
9.100000	2.818211	-2.578190	0.240021
9.200000	2.927006	-1.534600	1.392407
9.300000	3.024737	-0.412308	2.612429
9.400000	3.110429	0.779441	3.889869
9.500000	3.183226	2.030468	5.213694
9.600000	3.242404	3.329747	6.572151
9.700000	3.287371	4.665497	7.952869
9.800000	3.317680	6.025293	9.342973
9.900000	3.333027	7.396174	10.729201
10.000000	3.333260	8.764772	12.098032
10.100000	3.318377	10.117440	13.435816
10.200000	3.288525	11.440388	14.728912
10.300000	3.244002	12.719823	15.963826
10.400000	3.185254	13.942096	17.127350
10.500000	3.112865	15.093842	18.206707
10.600000	3.027558	16.162128	19.189686
10.700000	2.930184	17.134596	20.064780
10.800000	2.821714	17.999602	20.821316
10.900000	2.703230	18.746355	21.449585
11.000000	2.575914	19.365042	21.940956
11.100000	2.441036	19.846951	22.287987
11.200000	2.299941	20.184585	22.484525
11.300000	2.154037	20.371760	22.525797
11.400000	2.004779	20.403698	22.408478
11.500000	1.853656	20.277105	22.130761
11.600000	1.702176	19.990226	21.692402
11.700000	1.551849	19.542903	21.094752
11.800000	1.404176	18.936597	20.340773
11.900000	1.260628	18.174411	19.435039
12.000000	1.122639	17.261084	18.383722
12.100000	0.991583	16.202973	17.194556
12.200000	0.868770	15.008019	15.876789
12.300000	0.755424	13.685691	14.441114
12.400000	0.652674	12.246918	12.899592
12.500000	0.561548	10.704002	11.265550
12.600000	0.482952	9.070516	9.553469
12.700000	0.417672	7.361186	7.778859
12.800000	0.366359	5.591761	5.958120
12.900000	0.329524	3.778866	4.108390
13.000000	0.307534	1.939851	2.247385
13.100000	0.300610	0.092621	0.393231
13.200000	0.308821	-1.744536	-1.435715
13.300000	0.332083	-3.553130	-3.221047
13.400000	0.370166	-5.314656	-4.944490
13.500000	0.422689	-7.010783	-6.588094
13.600000	0.489129	-8.623544	-8.134415
13.700000	0.568822	-10.135527	-9.566705
13.800000	0.660974	-11.530059	-10.869085
13.900000	0.764666	-12.791392	-12.026726
14.000000	0.878863	-13.904875	-13.026011
14.100000	1.002427	-14.857122	-13.854695
14.200000	1.134123	-15.636170	-14.502046
14.300000	1.272640	-16.231620	-14.958980
14.400000	1.416595	-16.634769	-15.218174
14.500000	1.564552	-16.838725	-15.274173
14.600000	1.715035	-16.838500	-15.123464
14.700000	1.866544	-16.631095	-14.764550
14.800000	2.017567	-16.215555	-14.197989
14.900000	2.166597	-15.593014	-13.426417
15.000000	2.312148	-14.766708	-12.454560
15.100000	2.452768	-13.741975	-11.289207
15.200000	2.587054	-12.526233	-9.939178
15.300000	2.713668	-11.128928	-8.415260
15.400000	2.831345	-9.561473	-6.730129
15.500000	2.938912	-7.837157	-4.898245
15.600000	3.035296	-5.971032	-2.935737
15.700000	3.119535	-3.979792	-0.860257
15.800000	3.190790	-1.881618	1.309172
15.900000	3.248350	0.303982	3.552332
16.000000	3.291639	2.556355	5.847994
16.100000	3.320228	4.853896	8.174124
16.200000	3.333829	7.174259	10.508088
16.300000	3.332309	9.494568	12.826877
16.400000	3.315681	11.791648	15.107329
16.500000	3.284112	14.042254	17.326367
16.600000	3.237917	16.223307	19.461223
16.700000	3.177556	18.312127	21.489683
16.800000	3.103631	20.286676	23.390307
16.900000	3.016881	22.125781	25.142662
17.000000	2.918169	23.809368	26.727537
17.100000	2.808482	25.318672	28.127154
17.200000	2.688913	26.636451	29.325364
17.300000	2.560654	27.747174	30.307828
17.400000	2.424986	28.637202	31.062188
17.500000	2.283261	29.294951	31.578212
17.600000	2.136893	29.711033	31.847926
17.700000	1.987343	29.878376	31.865719
17.800000	1.836101	29.792328	31.628430
17.900000	1.684677	29.450731	31.135408
18.000000	1.534581	28.853970	30.388552
18.100000	1.387311	28.005004	29.392315
